%YAML:1.0
---
K1: !!opencv-matrix
   rows: 3
   cols: 3
   dt: d
   data: [ 3.2492542128075843e+02, 0., 3.1550412938921937e+02, 0.,
       3.2687945218975511e+02, 1.8240218154234393e+02, 0., 0., 1. ]
K2: !!opencv-matrix
   rows: 3
   cols: 3
   dt: d
   data: [ 3.3037735810136746e+02, 0., 3.1313658013464021e+02, 0.,
       3.3343979683068545e+02, 1.7514005398409731e+02, 0., 0., 1. ]
D1: !!opencv-matrix
   rows: 4
   cols: 1
   dt: d
   data: [ -5.3281225323661474e-02, -2.4063016819293404e-02,
       2.3606386145300039e-02, -1.0071090060742520e-02 ]
D2: !!opencv-matrix
   rows: 4
   cols: 1
   dt: d
   data: [ -9.1299205646669379e-02, 6.6998439445127678e-02,
       -8.6471504427926102e-02, 3.7419473621175862e-02 ]
R: !!opencv-matrix
   rows: 3
   cols: 3
   dt: d
   data: [ 6.6811712891401476e-01, 7.4273401710376108e-02,
       -7.4033976244023447e-01, -8.7624440726763980e-02,
       9.9593558153907136e-01, 2.0839261305368763e-02,
       7.3887851466869414e-01, 5.0948790199578965e-02,
       6.7190978660694001e-01 ]
T: !!opencv-matrix
   rows: 3
   cols: 1
   dt: d
   data: [ -8.0990224008785167e-02, 4.0651714581661554e-03,
       -3.5759429580518552e-02 ]
R1: !!opencv-matrix
   rows: 3
   cols: 3
   dt: d
   data: [ 9.1269455151785717e-01, 4.2748668152369072e-02,
       -4.0640030388868587e-01, -4.6245297548169258e-02,
       9.9892937112188995e-01, 1.2181809006319207e-03,
       4.0601727559834055e-01, 1.7682275906228812e-02,
       9.1369431925260269e-01 ]
R2: !!opencv-matrix
   rows: 3
   cols: 3
   dt: d
   data: [ 9.1383625677442837e-01, -4.5868512082084034e-02,
       4.0348404603388804e-01, 4.2394739279389283e-02,
       9.9894690846874490e-01, 1.7543093859675670e-02,
       -4.0386381601467303e-01, 1.0740857100313157e-03,
       9.1481848716231895e-01 ]
P1: !!opencv-matrix
   rows: 3
   cols: 4
   dt: d
   data: [ 2.7055030600801041e+02, 0., 1.4725612282743975e+02, 0., 0.,
       2.7055030600801041e+02, 1.4154885133873165e+02, 0., 0., 0., 1.,
       0. ]
P2: !!opencv-matrix
   rows: 3
   cols: 4
   dt: d
   data: [ 2.7055030600801041e+02, 0., 1.4725612282743975e+02,
       -2.3977960741649856e+01, 0., 2.7055030600801041e+02,
       1.4154885133873165e+02, 0., 0., 0., 1., 0. ]
Q: !!opencv-matrix
   rows: 4
   cols: 4
   dt: d
   data: [ 1., 0., 0., -1.4725612282743975e+02, 0., 1., 0.,
       -1.4154885133873165e+02, 0., 0., 0., 2.7055030600801041e+02, 0.,
       0., 1.1283290890457708e+01, 0. ]
